0.0 0.002955039031803608 -0.03648030757904053 -0.0207417793571949 0.9830670055061362 -0.15685448444950162 0.06746337724005187 -0.06651786319963765
1.0 0.002026717411354184 -0.028905391693115234 0.006656942889094353 0.9726735876263272 -0.19906558365696983 0.07206941045225719 -0.0953151898414089
2.0 0.0052651334553956985 -0.025192517787218094 -0.07782823592424393 0.9970816729041806 -0.04538967437607808 0.05912195167588019 0.016507872324105725
3.0 0.0027447943575680256 -0.020110562443733215 0.01860862597823143 0.9709897789783627 -0.2051590358021043 0.07382225510018564 -0.09817786817926176
4.0 0.006510686129331589 -0.030815022066235542 -0.03328253701329231 0.9915680516318177 -0.1112415339535783 0.0264111600576852 -0.0609964813013267
5.0 0.006298482418060303 -0.026215650141239166 -0.01809949427843094 0.992408473079297 -0.11018179319249513 0.026982164624280144 -0.04751165963731961
6.0 0.009517672471702099 -0.01351800188422203 -0.010285837575793266 0.9991036944358617 -0.03463935365469125 0.010920385685977287 -0.021740931890492945
7.0 0.0040214997716248035 -0.007839237339794636 -0.006772464606910944 0.9989065463734786 -0.007376476538099364 0.043208511265837204 -0.016258036790536397
8.0 0.0020777820609509945 -0.008171454071998596 -0.009606847539544106 0.9983038000666851 -0.0037805647320117127 0.055206388150284676 -0.01809654138567283
9.0 -0.0016268129693344235 -0.009108275175094604 -0.00553235923871398 0.9968163822892635 -0.015566921557899642 0.0741635901915724 -0.024789772948770102
10.0 0.008626979775726795 -0.009521376341581345 -0.007958769798278809 0.999775772469305 -0.015270625937521572 0.011197134220652792 -0.009478235707420629
11.0 0.008211466483771801 -0.009263710118830204 -0.016013991087675095 0.9996546546734906 -0.001090741587782647 0.021147404441792007 -0.015561778747572964
12.0 0.007258190307766199 -0.006048127077519894 -0.0014997641555964947 0.9999693175107542 -0.0016725908839460102 0.002727076613748826 -0.007150491588271389
13.0 0.006904901005327702 -0.00506138801574707 -0.002173636807128787 0.9999515060310156 0.005557770483844635 0.00620043621673288 -0.005258456453661432
14.0 0.005876760929822922 -0.004166613798588514 -4.1634291847003624e-05 0.9999012234953638 0.009302734475020377 0.008949959411086922 -0.00555883173893333
15.0 0.010828560218214989 -0.0018742381362244487 0.0005046041333116591 0.9993434008246544 0.024821673398590323 -0.02608819994868985 0.004007191203948517
16.0 0.008153459057211876 -0.0012614843435585499 0.0015048693167045712 0.9995564993047927 0.027718696357771216 -0.010739875844210099 0.0017702080737552733
17.0 0.00369842117652297 -0.0008589980425313115 0.0021108149085193872 0.9993895332048082 0.0308001240824074 0.016394999719164267 -0.0017655767875180313
18.0 0.002654723124578595 -0.0019256770610809326 0.001952481223270297 0.9994875636187732 0.022512115912297858 0.022416256389308754 -0.003914876504935768
19.0 0.0029690181836485863 -0.0005411357851698995 0.002027970040217042 0.9992269302101637 0.03330458882962517 0.02085100788411946 -0.001257686717134799
20.0 0.0027460684068500996 -0.0003218617639504373 0.0018526902422308922 0.9991607057627355 0.034681403623000796 0.021771658218748397 -0.001038845925462523
21.0 -0.0007291368092410266 -0.0011081622214987874 0.0020925647113472223 0.9985666871149254 0.028620346667176444 0.044752837650966173 -0.006529216121362205
22.0 0.0 0.0 0.0 0.998314749239469 0.0394617831741592 0.04233939470349011 -0.004219570569863593
23.0 0.0069072069600224495 -0.002796485088765621 0.0005674490821547806 0.9998116456752063 0.018507879447305076 -0.005838711206020503 -0.0002025390144234905
24.0 0.008198752999305725 -0.0032037138007581234 0.001320310984738171 0.9997575887627372 0.013775700532491622 -0.01705700860161535 0.002013018559535519
25.0 0.007895253598690033 -0.0035192060749977827 -0.0009422015282325447 0.9998214657468055 0.01417765176468903 -0.012347263341518753 0.0018910077534414868
26.0 0.023255297914147377 -0.013748811557888985 -0.052355777472257614 0.998557783430149 0.01762262620911054 -0.05066157835937322 0.0022804987828974376
27.0 0.019760333001613617 -0.054311603307724 -0.033626969903707504 0.9866935381054863 -0.14812067797912026 -0.06467171366710545 -0.017711467111529194
28.0 0.005187446717172861 -0.056366171687841415 -0.07212865352630615 0.9967307098782572 -0.08020453141769318 0.009173214462977796 -0.0033131951451870444
29.0 0.014754747040569782 -0.05327245593070984 -0.049677666276693344 0.992446404926839 -0.11727685518562254 -0.035995340960407435 0.0007797529783715282
30.0 0.0 0.0 0.0 0.9977544821674887 0.03235012306338551 0.050303910256013204 -0.030149286317011834
31.0 0.0 0.0 0.0 0.9985452760087238 -0.0021424633303507384 0.049015241001710674 -0.022366219195113893
32.0 0.0 0.0 0.0 0.9976334547492925 0.01586462304321107 0.0194121908065674 -0.0640232032061615
33.0 0.0 0.0 0.0 0.9992175257554955 0.017522926416786797 0.03455815493987118 0.007938337357999774
34.0 0.0 0.0 0.0 0.9997270433753624 -0.0022986679241785413 0.022868014989169957 0.004196279326477898
35.0 0.0 0.0 0.0 0.9991570795660619 0.024805778228097826 0.0322575606261235 0.0054086506606253245
