422.383331 0.000000 256.000000 0.000000 422.383331 144.000000 0.000000 0.000000 1.000000
422.383331 0.000000 256.000000 0.000000 422.383331 144.000000 0.000000 0.000000 1.000000
422.383331 0.000000 256.000000 0.000000 422.383331 144.000000 0.000000 0.000000 1.000000
422.383331 0.000000 256.000000 0.000000 422.383331 144.000000 0.000000 0.000000 1.000000
422.383331 0.000000 256.000000 0.000000 422.383331 144.000000 0.000000 0.000000 1.000000
422.383331 0.000000 256.000000 0.000000 422.383331 144.000000 0.000000 0.000000 1.000000
422.383331 0.000000 256.000000 0.000000 422.383331 144.000000 0.000000 0.000000 1.000000
422.383331 0.000000 256.000000 0.000000 422.383331 144.000000 0.000000 0.000000 1.000000
422.383331 0.000000 256.000000 0.000000 422.383331 144.000000 0.000000 0.000000 1.000000
422.383331 0.000000 256.000000 0.000000 422.383331 144.000000 0.000000 0.000000 1.000000
422.383331 0.000000 256.000000 0.000000 422.383331 144.000000 0.000000 0.000000 1.000000
422.383331 0.000000 256.000000 0.000000 422.383331 144.000000 0.000000 0.000000 1.000000
422.383331 0.000000 256.000000 0.000000 422.383331 144.000000 0.000000 0.000000 1.000000
422.383331 0.000000 256.000000 0.000000 422.383331 144.000000 0.000000 0.000000 1.000000
422.383331 0.000000 256.000000 0.000000 422.383331 144.000000 0.000000 0.000000 1.000000
422.383331 0.000000 256.000000 0.000000 422.383331 144.000000 0.000000 0.000000 1.000000
422.383331 0.000000 256.000000 0.000000 422.383331 144.000000 0.000000 0.000000 1.000000
422.383331 0.000000 256.000000 0.000000 422.383331 144.000000 0.000000 0.000000 1.000000
422.383331 0.000000 256.000000 0.000000 422.383331 144.000000 0.000000 0.000000 1.000000
422.383331 0.000000 256.000000 0.000000 422.383331 144.000000 0.000000 0.000000 1.000000
422.383331 0.000000 256.000000 0.000000 422.383331 144.000000 0.000000 0.000000 1.000000
422.383331 0.000000 256.000000 0.000000 422.383331 144.000000 0.000000 0.000000 1.000000
422.383331 0.000000 256.000000 0.000000 422.383331 144.000000 0.000000 0.000000 1.000000
422.383331 0.000000 256.000000 0.000000 422.383331 144.000000 0.000000 0.000000 1.000000
422.383331 0.000000 256.000000 0.000000 422.383331 144.000000 0.000000 0.000000 1.000000
422.383331 0.000000 256.000000 0.000000 422.383331 144.000000 0.000000 0.000000 1.000000
422.383331 0.000000 256.000000 0.000000 422.383331 144.000000 0.000000 0.000000 1.000000
422.383331 0.000000 256.000000 0.000000 422.383331 144.000000 0.000000 0.000000 1.000000
422.383331 0.000000 256.000000 0.000000 422.383331 144.000000 0.000000 0.000000 1.000000
422.383331 0.000000 256.000000 0.000000 422.383331 144.000000 0.000000 0.000000 1.000000
422.383331 0.000000 256.000000 0.000000 422.383331 144.000000 0.000000 0.000000 1.000000
422.383331 0.000000 256.000000 0.000000 422.383331 144.000000 0.000000 0.000000 1.000000
422.383331 0.000000 256.000000 0.000000 422.383331 144.000000 0.000000 0.000000 1.000000
422.383331 0.000000 256.000000 0.000000 422.383331 144.000000 0.000000 0.000000 1.000000
422.383331 0.000000 256.000000 0.000000 422.383331 144.000000 0.000000 0.000000 1.000000
422.383331 0.000000 256.000000 0.000000 422.383331 144.000000 0.000000 0.000000 1.000000
