0.0 -0.04583197459578514 0.0018363631097599864 -0.058053966611623764 0.9972684476369857 -0.03484359942882334 -0.049152551563585604 0.04272696574002801
1.0 -0.04440049082040787 0.0019111308502033353 -0.05565783381462097 0.997442598791001 -0.03518439839584429 -0.04611476459616944 0.04175821730889141
2.0 -0.04288547486066818 0.001735194236971438 -0.05309949815273285 0.9975967673581441 -0.03494336848449565 -0.04277710888606748 0.04183024875478692
3.0 -0.041289810091257095 0.001759503036737442 -0.050851672887802124 0.9977401075609914 -0.03486439561052922 -0.039720806798138976 0.04148986852472286
4.0 -0.03965041786432266 0.0015763473929837346 -0.048449672758579254 0.9979189417685707 -0.03355007072416642 -0.03681822635226214 0.04094626505767339
5.0 -0.037903591990470886 0.0014907787553966045 -0.04600416123867035 0.9980699576765804 -0.033021799395752414 -0.03378561673777057 0.04030449664471886
6.0 -0.03631238266825676 0.0013204796705394983 -0.043621793389320374 0.9982199160682474 -0.031692330703207254 -0.03097672196023558 0.0399128805762966
7.0 -0.03457854688167572 0.0013101754011586308 -0.04120275750756264 0.9983498052907882 -0.030871916807353315 -0.02799690365233765 0.03950651103763419
8.0 -0.03283310309052467 0.001162414439022541 -0.03882608935236931 0.9984761523190182 -0.03025082226987584 -0.025045133373166675 0.03876857356835883
9.0 -0.031076723709702492 0.0010523677337914705 -0.03646606579422951 0.9985754159528424 -0.03025691721409655 -0.022064749452106836 0.038010583354151285
10.0 -0.029304340481758118 0.0009537737932987511 -0.03425907716155052 0.9986946779029171 -0.028855697791431042 -0.019206048901503535 0.03751555302739532
11.0 -0.02758009359240532 0.0008122187573462725 -0.03200472518801689 0.9988028127170665 -0.028221053666432728 -0.016657014709806028 0.03631882844187273
12.0 -0.025745071470737457 0.000808713142760098 -0.029814401641488075 0.998917602568146 -0.026794323843235074 -0.014347459961770231 0.03521133172626201
13.0 -0.023903219029307365 0.0006422775913961232 -0.027575168758630753 0.9989951237773443 -0.025436314877238565 -0.012203505460149828 0.03482543623615371
14.0 -0.022014060989022255 0.0005849289591424167 -0.02536017633974552 0.999063803737605 -0.024148268690076167 -0.01056747528749533 0.0343031433934046
15.0 -0.02024056576192379 0.0004640859551727772 -0.02320004627108574 0.9991303569995782 -0.023156820855155736 -0.009037366480942756 0.033475623621778215
16.0 -0.018314654007554054 0.0006192019791342318 -0.021077483892440796 0.9991743672711675 -0.022551679565962872 -0.007639201245283726 0.03291881135992347
17.0 -0.01651502028107643 0.0005206001806072891 -0.01881207898259163 0.9992617394938826 -0.020908720081774832 -0.006315071312173455 0.031605715978661894
18.0 -0.014684506691992283 0.0004298728599678725 -0.016623318195343018 0.999346767554103 -0.01966627442421605 -0.005306585087894121 0.029851565857457286
19.0 -0.012950431555509567 0.0003818311379291117 -0.014474030584096909 0.9993965174040905 -0.01799256148117309 -0.004385974513985091 0.02938761575024869
20.0 -0.01114343199878931 0.00030788558069616556 -0.01238926500082016 0.9994992669231718 -0.016032904822805737 -0.0037753285310416895 0.02701681471727687
21.0 -0.009376266039907932 0.0002966304309666157 -0.010333719663321972 0.9995610012737476 -0.014944372902420571 -0.0030025598948359798 0.0254058081007989
22.0 -0.007517799735069275 0.00027941580628976226 -0.008284864015877247 0.9996372716334517 -0.012197088271068132 -0.0025936290840287966 0.023871097316859616
23.0 -0.005749157629907131 0.00022896645532455295 -0.006151730660349131 0.9996876542782421 -0.01133086429389031 -0.002546526954598831 0.02212963168443839
24.0 -0.0038243308663368225 0.00019206989964004606 -0.004054604563862085 0.999732349630721 -0.01007516432553699 -0.0024557509604096056 0.020680654072624243
25.0 -0.001965185161679983 4.375761272967793e-05 -0.0019983001984655857 0.999767888130181 -0.008662462060952588 -0.0029137094884732306 0.01951004643195976
26.0 0.0 0.0 0.0 0.9997924318394733 -0.007929516759425981 -0.003065675875481663 0.018515335046944192
27.0 0.001857097027823329 -6.856714026071131e-05 0.0019667113665491343 0.9998286889821972 -0.006498820914945762 -0.0036109141459079314 0.016950495977614232
28.0 0.0038732243701815605 2.884001787606394e-06 0.00397026352584362 0.9998367760411024 -0.006180007694535061 -0.004231071954019895 0.016441618252157217
29.0 0.0058224997483193874 -1.7429385479772463e-05 0.005861727520823479 0.9998428452786045 -0.005513799364472568 -0.0051101626019299465 0.016055186075997832
30.0 0.007734550163149834 0.00010161186946788803 0.007855399511754513 0.999837185508629 -0.0060669757606188765 -0.006278720417356085 0.01579151510223547
31.0 0.009673530235886574 0.0001545078557683155 0.00986030325293541 0.9998305435623477 -0.006561033953326511 -0.007471978407314026 0.015492144201637215
